0 0.570312 0.515625 0.019531 0.019531
0 0.643555 0.375977 0.019531 0.019531
0 0.812500 0.636719 0.019531 0.019531
0 0.676758 0.371094 0.019531 0.019531
0 0.691406 0.376953 0.019531 0.019531
0 0.748047 0.409180 0.019531 0.019531
0 0.724609 0.387695 0.019531 0.019531
0 0.728516 0.399414 0.019531 0.019531
0 0.660156 0.374023 0.019531 0.019531
0 0.798828 0.621094 0.019531 0.019531
0 0.769531 0.602539 0.019531 0.019531
0 0.457031 0.541016 0.019531 0.019531
0 0.551758 0.530273 0.019531 0.019531
0 0.551758 0.545898 0.019531 0.019531
0 0.439453 0.409180 0.019531 0.019531
0 0.569336 0.536133 0.019531 0.019531
0 0.583008 0.534180 0.019531 0.019531
0 0.612305 0.521484 0.019531 0.019531
0 0.641602 0.541016 0.019531 0.019531
0 0.492188 0.515625 0.019531 0.019531