0 0.960938 0.733398 0.019531 0.019531
0 0.913086 0.405273 0.019531 0.019531
0 0.832031 0.357422 0.019531 0.019531
0 0.435547 0.252930 0.019531 0.019531
0 0.818359 0.185547 0.019531 0.019531
0 0.746094 0.641602 0.019531 0.019531
0 0.241211 0.213867 0.019531 0.019531
0 0.959961 0.632812 0.019531 0.019531
0 0.128906 0.761719 0.102439 0.102439
0 0.678711 0.750000 0.133542 0.133542
0 0.672852 0.688477 0.102221 0.102221
0 0.970703 0.733398 0.117418 0.117418
0 0.202148 0.670898 0.151311 0.151311
0 0.903320 0.934570 0.115218 0.115218
0 0.418945 0.891602 0.071832 0.071832
0 0.538086 0.735352 0.156900 0.156900
0 0.623047 0.572266 0.081776 0.081776
0 0.711914 0.555664 0.137704 0.137704
0 0.453125 0.458984 0.098445 0.098445
0 0.666992 0.409180 0.046510 0.046510
0 0.770508 0.724609 0.115609 0.115609
0 0.840820 0.666992 0.063354 0.063354
0 0.793945 0.048828 0.227386 0.227386
0 0.511719 0.525391 0.113799 0.113799
0 0.706055 0.937500 0.091539 0.091539
0 0.681641 0.440430 0.124136 0.124136
0 0.640625 0.822266 0.032402 0.032402
0 0.818359 0.499023 0.089939 0.089939
0 0.857422 0.810547 0.103971 0.103971
0 0.431641 0.632812 0.109454 0.109454
0 0.967773 0.630859 0.131693 0.131693
0 0.166016 0.861328 0.022012 0.022012