0 0.931641 0.068359 0.019531 0.019531
0 0.959961 0.046875 0.019531 0.019531
0 0.985352 0.044922 0.019531 0.019531
0 0.649414 0.068359 0.019531 0.019531
0 0.590820 0.056641 0.019531 0.019531
0 0.419922 0.555664 0.019531 0.019531
0 0.403320 0.550781 0.019531 0.019531
0 0.386719 0.550781 0.019531 0.019531
0 0.375977 0.554688 0.019531 0.019531
0 0.388672 0.562500 0.019531 0.019531
0 0.404297 0.567383 0.019531 0.019531
0 0.425781 0.576172 0.019531 0.019531
0 0.440430 0.585938 0.019531 0.019531
0 0.980469 0.984375 0.019531 0.019531
0 0.903320 0.956055 0.019531 0.019531
0 0.062500 0.636719 0.019531 0.019531
0 0.048828 0.621094 0.019531 0.019531
0 0.019531 0.602539 0.019531 0.019531
0 0.861328 0.068359 0.019531 0.019531