0 0.630859 0.918945 0.019531 0.019531
0 0.650391 0.863281 0.019531 0.019531
0 0.643555 0.950195 0.019531 0.019531
0 0.494141 0.941406 0.019531 0.019531
0 0.500000 0.958984 0.019531 0.019531
0 0.523438 0.980469 0.019531 0.019531
0 0.523438 0.963867 0.019531 0.019531
0 0.000000 0.891602 0.019531 0.019531
0 0.052734 0.892578 0.019531 0.019531
0 0.605469 0.041016 0.019531 0.019531
0 0.587891 0.089844 0.019531 0.019531
0 0.573242 0.191406 0.019531 0.019531
0 0.644531 0.970703 0.019531 0.019531
0 0.189453 0.893555 0.019531 0.019531
0 0.238281 0.913086 0.019531 0.019531
0 0.240234 0.904297 0.019531 0.019531
0 0.744141 0.153320 0.019531 0.019531
0 0.112305 0.894531 0.019531 0.019531
0 0.162109 0.894531 0.019531 0.019531