0 0.128906 0.011719 0.102439 0.102439
0 0.678711 0.000000 0.133542 0.133542
0 0.556641 0.401367 0.123115 0.123115
0 0.735352 0.998047 0.187739 0.187739
0 0.903320 0.184570 0.115218 0.115218
0 0.418945 0.141602 0.071832 0.071832
0 0.448242 0.319336 0.198957 0.198957
0 0.844727 0.451172 0.204222 0.204222
0 0.884766 0.360352 0.114707 0.114707
0 0.771484 0.451172 0.150557 0.150557
0 0.170898 0.489258 0.031806 0.031806
0 0.706055 0.187500 0.091539 0.091539
0 0.640625 0.072266 0.032402 0.032402
0 0.857422 0.060547 0.103971 0.103971
0 0.160156 0.658203 0.187045 0.187045
0 0.166016 0.111328 0.022012 0.022012