0 0.424805 0.818359 0.019531 0.019531
0 0.410156 0.816406 0.019531 0.019531
0 0.565430 0.842773 0.019531 0.019531
0 0.903320 0.776367 0.019531 0.019531
0 0.956055 0.625977 0.019531 0.019531
0 0.978516 0.613281 0.019531 0.019531
0 0.957031 0.615234 0.019531 0.019531
0 0.588867 0.218750 0.019531 0.019531
0 0.285156 0.906250 0.019531 0.019531
0 0.277344 0.869141 0.019531 0.019531
0 0.884766 0.202148 0.019531 0.019531
0 0.760742 0.207031 0.019531 0.019531
0 0.806641 0.813477 0.019531 0.019531
0 0.610352 0.159180 0.019531 0.019531
0 0.973633 0.669922 0.019531 0.019531