0 0.166016 0.432617 0.019531 0.019531
0 0.878906 0.011719 0.102439 0.102439
0 0.071289 0.870117 0.140498 0.140498
0 0.023438 0.747070 0.181031 0.181031
0 0.128906 0.620117 0.175220 0.175220
0 0.021484 0.359375 0.161188 0.161188
0 0.314453 0.458984 0.076316 0.076316
0 0.336914 0.644531 0.162082 0.162082
0 0.224609 0.850586 0.169808 0.169808
0 0.235352 0.724609 0.158338 0.158338
0 0.152344 0.434570 0.192371 0.192371
0 0.368164 0.229492 0.161353 0.161353
0 0.920898 0.489258 0.031806 0.031806
0 0.198242 0.289062 0.181283 0.181283
0 0.910156 0.658203 0.187045 0.187045
0 0.083008 0.162109 0.168161 0.168161
0 0.916016 0.111328 0.022012 0.022012