0 0.580078 0.477539 0.019531 0.019531
0 0.575195 0.468750 0.019531 0.019531
0 0.623047 0.666992 0.019531 0.019531
0 0.977539 0.783203 0.019531 0.019531
0 0.750000 0.141602 0.019531 0.019531
0 0.746094 0.168945 0.019531 0.019531
0 0.748047 0.198242 0.019531 0.019531
0 0.802734 0.142578 0.019531 0.019531
0 0.380859 0.746094 0.019531 0.019531
0 0.565430 0.775391 0.019531 0.019531
0 0.668945 0.476562 0.019531 0.019531
0 0.694336 0.503906 0.019531 0.019531
0 0.681641 0.491211 0.019531 0.019531
0 0.939453 0.143555 0.019531 0.019531
0 0.988281 0.163086 0.019531 0.019531
0 0.990234 0.154297 0.019531 0.019531
0 0.068359 0.935547 0.019531 0.019531
0 0.462891 0.687500 0.019531 0.019531
0 0.526367 0.987305 0.019531 0.019531
0 0.512695 0.988281 0.019531 0.019531
0 0.592773 0.967773 0.019531 0.019531
0 0.862305 0.144531 0.019531 0.019531
0 0.912109 0.144531 0.019531 0.019531
0 0.597656 0.702148 0.100586 0.100586
0 0.531250 0.703125 0.017102 0.017102
0 0.585938 0.653320 0.179034 0.179034
0 0.563477 0.468750 0.108080 0.108080
0 0.557617 0.458008 0.117830 0.117830
0 0.536133 0.439453 0.040045 0.040045
0 0.531250 0.505859 0.020488 0.020488
0 0.618164 0.647461 0.023387 0.023387
0 0.398438 0.517578 0.155164 0.155164
0 0.408203 0.519531 0.105684 0.105684
0 0.441406 0.532227 0.171333 0.171333
0 0.572266 0.927734 0.142579 0.142579
0 0.467773 0.596680 0.026512 0.026512
0 0.472656 0.546875 0.170189 0.170189
0 0.472656 0.413086 0.148635 0.148635
0 0.466797 0.393555 0.034169 0.034169
0 0.496094 0.413086 0.045003 0.045003
0 0.301758 0.304688 0.183560 0.183560
0 0.539062 0.766602 0.107386 0.107386
0 0.516602 0.426758 0.043217 0.043217
0 0.070312 0.625977 0.156999 0.156999
0 0.043945 0.798828 0.227386 0.227386