0 0.630859 0.168945 0.019531 0.019531
0 0.650391 0.113281 0.019531 0.019531
0 0.643555 0.200195 0.019531 0.019531
0 0.227539 0.783203 0.019531 0.019531
0 0.494141 0.191406 0.019531 0.019531
0 0.500000 0.208984 0.019531 0.019531
0 0.523438 0.230469 0.019531 0.019531
0 0.523438 0.213867 0.019531 0.019531
0 0.452148 0.388672 0.019531 0.019531
0 0.000000 0.141602 0.019531 0.019531
0 0.052734 0.142578 0.019531 0.019531
0 0.519531 0.334961 0.019531 0.019531
0 0.644531 0.220703 0.019531 0.019531
0 0.189453 0.143555 0.019531 0.019531
0 0.238281 0.163086 0.019531 0.019531
0 0.240234 0.154297 0.019531 0.019531
0 0.375000 0.373047 0.019531 0.019531
0 0.357422 0.675781 0.019531 0.019531
0 0.705078 0.679688 0.019531 0.019531
0 0.112305 0.144531 0.019531 0.019531
0 0.162109 0.144531 0.019531 0.019531