0 0.609375 0.060547 0.075858 0.075858
0 0.537109 0.034180 0.089170 0.089170
0 0.437500 0.305664 0.160541 0.160541
0 0.278320 0.528320 0.144027 0.144027
0 0.951172 0.321289 0.159337 0.159337
0 0.360352 0.012695 0.165556 0.165556
0 0.541016 0.212891 0.130599 0.130599
0 0.153320 0.184570 0.115218 0.115218
0 0.573242 0.328125 0.111765 0.111765
0 0.094727 0.451172 0.204222 0.204222
0 0.838867 0.868164 0.099611 0.099611
0 0.272461 0.084961 0.141360 0.141360
0 0.134766 0.360352 0.114707 0.114707
0 0.708984 0.283203 0.137063 0.137063
0 0.458008 0.059570 0.095546 0.095546
0 0.021484 0.451172 0.150557 0.150557
0 0.672852 0.005859 0.142861 0.142861
0 0.107422 0.060547 0.103971 0.103971