0 0.629883 0.577148 0.019531 0.019531
0 0.916016 0.432617 0.019531 0.019531
0 0.589844 0.381836 0.019531 0.019531
0 0.383789 0.322266 0.174619 0.174619
0 0.248047 0.405273 0.166943 0.166943
0 0.664062 0.833984 0.153375 0.153375
0 0.821289 0.870117 0.140498 0.140498
0 0.773438 0.747070 0.181031 0.181031
0 0.312500 0.838867 0.176856 0.176856
0 0.878906 0.620117 0.175220 0.175220
0 0.771484 0.359375 0.161188 0.161188
0 0.628906 0.748047 0.047777 0.047777
0 0.693359 0.503906 0.184136 0.184136
0 0.241211 0.670898 0.148554 0.148554
0 0.539062 0.687500 0.129761 0.129761
0 0.238281 0.002930 0.032952 0.032952
0 0.974609 0.850586 0.169808 0.169808
0 0.985352 0.724609 0.158338 0.158338
0 0.902344 0.434570 0.192371 0.192371
0 0.597656 0.373047 0.190987 0.190987
0 0.439453 0.488281 0.172073 0.172073
0 0.251953 0.550781 0.175414 0.175414
0 0.492188 0.820312 0.181335 0.181335
0 0.948242 0.289062 0.181283 0.181283
0 0.833008 0.162109 0.168161 0.168161
0 0.128906 0.399414 0.024441 0.024441