0 0.512695 0.547852 0.019531 0.019531
0 0.423828 0.549805 0.019531 0.019531
0 0.932617 0.461914 0.019531 0.019531
0 0.977539 0.033203 0.019531 0.019531
0 0.390625 0.439453 0.019531 0.019531
0 0.210938 0.733398 0.019531 0.019531
0 0.372070 0.674805 0.019531 0.019531
0 0.519531 0.496094 0.019531 0.019531
0 0.572266 0.472656 0.019531 0.019531
0 0.999023 0.510742 0.019531 0.019531
0 0.163086 0.405273 0.019531 0.019531
0 0.082031 0.357422 0.019531 0.019531
0 0.565430 0.025391 0.019531 0.019531
0 0.068359 0.185547 0.019531 0.019531
0 0.431641 0.429688 0.019531 0.019531
0 0.410156 0.419922 0.019531 0.019531
0 0.471680 0.393555 0.019531 0.019531
0 0.452148 0.355469 0.019531 0.019531
0 0.491211 0.328125 0.019531 0.019531
0 0.444336 0.332031 0.019531 0.019531
0 0.579102 0.296875 0.019531 0.019531
0 0.526367 0.237305 0.019531 0.019531
0 0.512695 0.238281 0.019531 0.019531
0 0.592773 0.217773 0.019531 0.019531
0 0.519531 0.430664 0.019531 0.019531
0 0.209961 0.632812 0.019531 0.019531
0 0.309570 0.613281 0.075778 0.075778
0 0.443359 0.649414 0.070055 0.070055
0 0.609375 0.810547 0.075858 0.075858
0 0.537109 0.784180 0.089170 0.089170
0 0.500977 0.644531 0.089102 0.089102
0 0.435547 0.585938 0.040927 0.040927
0 0.360352 0.762695 0.165556 0.165556
0 0.541016 0.962891 0.130599 0.130599
0 0.220703 0.733398 0.117418 0.117418
0 0.572266 0.177734 0.142579 0.142579
0 0.518555 0.728516 0.084440 0.084440
0 0.153320 0.934570 0.115218 0.115218
0 0.575195 0.463867 0.053051 0.053051
0 0.539062 0.016602 0.107386 0.107386
0 0.272461 0.834961 0.141360 0.141360
0 0.020508 0.724609 0.115609 0.115609
0 0.458008 0.809570 0.095546 0.095546
0 0.490234 0.405273 0.023185 0.023185
0 0.417969 0.376953 0.047145 0.047145
0 0.441406 0.492188 0.046842 0.046842
0 0.464844 0.456055 0.060913 0.060913
0 0.404297 0.451172 0.036031 0.036031
0 0.090820 0.666992 0.063354 0.063354
0 0.043945 0.048828 0.227386 0.227386
0 0.717773 0.659180 0.103237 0.103237
0 0.620117 0.661133 0.096558 0.096558
0 0.672852 0.755859 0.142861 0.142861
0 0.486328 0.302734 0.053223 0.053223
0 0.510742 0.381836 0.021486 0.021486
0 0.068359 0.499023 0.089939 0.089939
0 0.107422 0.810547 0.103971 0.103971
0 0.217773 0.630859 0.131693 0.131693