0 0.118164 0.076172 0.019531 0.019531
0 0.125977 0.077148 0.019531 0.019531
0 0.155273 0.070312 0.019531 0.019531
0 0.034180 0.072266 0.019531 0.019531
0 0.090820 0.074219 0.019531 0.019531
0 0.141602 0.160156 0.019531 0.019531
0 0.170898 0.150391 0.019531 0.019531
0 0.214844 0.137695 0.019531 0.019531
0 0.190430 0.145508 0.019531 0.019531
0 0.007812 0.110352 0.019531 0.019531
0 0.024414 0.119141 0.019531 0.019531
0 0.042969 0.105469 0.019531 0.019531
0 0.072266 0.102539 0.019531 0.019531
0 0.057617 0.083008 0.019531 0.019531
0 0.075195 0.083984 0.019531 0.019531
0 0.092773 0.082031 0.019531 0.019531