0 0.868164 0.076172 0.019531 0.019531
0 0.875977 0.077148 0.019531 0.019531
0 0.905273 0.070312 0.019531 0.019531
0 0.578125 0.080078 0.019531 0.019531
0 0.546875 0.094727 0.019531 0.019531
0 0.593750 0.099609 0.019531 0.019531
0 0.556641 0.112305 0.019531 0.019531
0 0.613281 0.115234 0.019531 0.019531
0 0.580078 0.125000 0.019531 0.019531
0 0.607422 0.133789 0.019531 0.019531
0 0.629883 0.134766 0.019531 0.019531
0 0.645508 0.116211 0.019531 0.019531
0 0.609375 0.082031 0.019531 0.019531
0 0.546875 0.164062 0.019531 0.019531
0 0.583008 0.165039 0.019531 0.019531
0 0.590820 0.148438 0.019531 0.019531
0 0.614258 0.167969 0.019531 0.019531
0 0.648438 0.157227 0.019531 0.019531
0 0.485352 0.041992 0.019531 0.019531
0 0.513672 0.050781 0.019531 0.019531
0 0.509766 0.027344 0.019531 0.019531
0 0.491211 0.018555 0.019531 0.019531
0 0.525391 0.004883 0.019531 0.019531
0 0.515625 0.078125 0.019531 0.019531
0 0.666992 0.042969 0.019531 0.019531
0 0.677734 0.062500 0.019531 0.019531
0 0.694336 0.075195 0.019531 0.019531
0 0.709961 0.066406 0.019531 0.019531
0 0.730469 0.075195 0.019531 0.019531
0 0.470703 0.085938 0.019531 0.019531
0 0.490234 0.094727 0.019531 0.019531
0 0.452148 0.124023 0.019531 0.019531
0 0.457031 0.153320 0.019531 0.019531
0 0.510742 0.145508 0.019531 0.019531
0 0.539062 0.136719 0.019531 0.019531
0 0.507812 0.162109 0.019531 0.019531
0 0.546875 0.035156 0.019531 0.019531
0 0.558594 0.002930 0.019531 0.019531
0 0.565430 0.058594 0.019531 0.019531
0 0.624023 0.035156 0.019531 0.019531
0 0.644531 0.063477 0.019531 0.019531
0 0.784180 0.072266 0.019531 0.019531
0 0.840820 0.074219 0.019531 0.019531
0 0.891602 0.160156 0.019531 0.019531
0 0.920898 0.150391 0.019531 0.019531
0 0.964844 0.137695 0.019531 0.019531
0 0.940430 0.145508 0.019531 0.019531
0 0.654297 0.085938 0.019531 0.019531
0 0.653320 0.143555 0.019531 0.019531
0 0.683594 0.140625 0.019531 0.019531
0 0.677734 0.163086 0.019531 0.019531
0 0.703125 0.156250 0.019531 0.019531
0 0.688477 0.113281 0.019531 0.019531
0 0.692383 0.093750 0.019531 0.019531
0 0.742188 0.091797 0.019531 0.019531
0 0.722656 0.107422 0.019531 0.019531
0 0.716797 0.129883 0.019531 0.019531
0 0.741211 0.124023 0.019531 0.019531
0 0.757812 0.110352 0.019531 0.019531
0 0.429688 0.043945 0.019531 0.019531
0 0.390625 0.060547 0.019531 0.019531
0 0.774414 0.119141 0.019531 0.019531
0 0.792969 0.105469 0.019531 0.019531
0 0.822266 0.102539 0.019531 0.019531
0 0.807617 0.083008 0.019531 0.019531
0 0.825195 0.083984 0.019531 0.019531
0 0.842773 0.082031 0.019531 0.019531
0 0.376953 0.111328 0.019531 0.019531