0 0.794922 0.436523 0.019531 0.019531
0 0.795898 0.444336 0.019531 0.019531
0 0.818359 0.466797 0.019531 0.019531
0 0.837891 0.480469 0.019531 0.019531
0 0.373047 0.421875 0.019531 0.019531
0 0.851562 0.498047 0.019531 0.019531
0 0.839844 0.490234 0.019531 0.019531
0 0.831055 0.473633 0.019531 0.019531
0 0.021484 0.784180 0.019531 0.019531
0 0.686523 0.339844 0.019531 0.019531
0 0.707031 0.375977 0.019531 0.019531
0 0.452148 0.393555 0.019531 0.019531
0 0.354492 0.413086 0.019531 0.019531
0 0.766602 0.383789 0.019531 0.019531
0 0.797852 0.798828 0.019531 0.019531