0 0.358398 0.538086 0.019531 0.019531
0 0.406250 0.541016 0.019531 0.019531
0 0.445312 0.542969 0.019531 0.019531
0 0.369141 0.431641 0.019531 0.019531
0 0.402344 0.449219 0.019531 0.019531
0 0.187500 0.307617 0.019531 0.019531
0 0.392578 0.660156 0.019531 0.019531
0 0.986328 0.435547 0.019531 0.019531
0 0.995117 0.526367 0.019531 0.019531
0 0.113281 0.333008 0.019531 0.019531
0 0.144531 0.361328 0.019531 0.019531
0 0.693359 0.389648 0.019531 0.019531
0 0.079102 0.854492 0.019531 0.019531
0 0.074219 0.177734 0.019531 0.019531
0 0.465820 0.343750 0.019531 0.019531
0 0.433594 0.348633 0.019531 0.019531
0 0.447266 0.364258 0.019531 0.019531
0 0.414062 0.374023 0.019531 0.019531
0 0.444336 0.406250 0.019531 0.019531
0 0.468750 0.435547 0.019531 0.019531
0 0.468750 0.477539 0.019531 0.019531
0 0.402344 0.334961 0.019531 0.019531
0 0.369141 0.338867 0.019531 0.019531
0 0.382812 0.414062 0.019531 0.019531
0 0.518555 0.227539 0.019531 0.019531
0 0.585938 0.286133 0.019531 0.019531
0 0.574219 0.276367 0.019531 0.019531
0 0.566406 0.263672 0.019531 0.019531
0 0.320312 0.604492 0.075778 0.075778
0 0.442383 0.700195 0.156900 0.156900
0 0.287109 0.914062 0.115218 0.115218
0 0.542969 0.852539 0.146537 0.146537
0 0.935547 0.308594 0.105137 0.105137
0 0.499023 0.541016 0.087170 0.087170
0 0.455078 0.578125 0.051914 0.051914
0 0.378906 0.783203 0.099437 0.099437
0 0.331055 0.431641 0.031534 0.031534
0 0.265625 0.708984 0.131693 0.131693
0 0.518555 0.646484 0.075858 0.075858
0 0.576172 0.705078 0.089170 0.089170
0 0.523438 0.746094 0.118764 0.118764
0 0.473633 0.921875 0.109950 0.109950
0 0.220703 0.225586 0.028724 0.028724
0 0.523438 0.498047 0.059387 0.059387
0 0.665039 0.344727 0.019344 0.019344
0 0.544922 0.010742 0.037198 0.037198
0 0.460938 0.327148 0.023185 0.023185
0 0.404297 0.354492 0.054113 0.054113
0 0.468750 0.381836 0.054113 0.054113
0 0.498047 0.396484 0.069784 0.069784
0 0.416016 0.414062 0.023819 0.023819
0 0.003906 0.537109 0.137704 0.137704
0 0.090820 0.704102 0.106431 0.106431
0 0.725586 0.857422 0.098176 0.098176
0 0.478516 0.314453 0.025870 0.025870
0 0.433594 0.307617 0.057243 0.057243
0 0.450195 0.312500 0.055862 0.055862
0 0.380859 0.360352 0.034566 0.034566
0 0.396484 0.391602 0.019531 0.019531
0 0.166992 0.811523 0.123115 0.123115
0 0.041992 0.870117 0.089939 0.089939
0 0.099609 0.606445 0.043532 0.043532
0 0.241211 0.996094 0.142425 0.142425
0 0.517578 0.424805 0.030289 0.030289