0 0.908203 0.267578 0.019531 0.019531
0 0.397461 0.294922 0.164382 0.164382
0 0.267578 0.337891 0.137660 0.137660
0 0.488281 0.815430 0.186261 0.186261
0 0.875000 0.799805 0.165642 0.165642
0 0.847656 0.771484 0.017394 0.017394
0 0.861328 0.994141 0.174353 0.174353
0 0.766602 0.707031 0.182322 0.182322
0 0.636719 0.166016 0.172139 0.172139
0 0.299805 0.795898 0.171258 0.171258
0 0.895508 0.620117 0.199965 0.199965
0 0.687500 0.607422 0.175483 0.175483
0 0.520508 0.238281 0.178697 0.178697
0 0.625977 0.481445 0.201364 0.201364
0 0.686523 0.916016 0.169401 0.169401
0 0.922852 0.717773 0.031806 0.031806
0 0.769531 0.280273 0.162549 0.162549
0 0.779297 0.483398 0.143766 0.143766
0 0.370117 0.964844 0.171333 0.171333
0 0.538086 0.649414 0.180881 0.180881
0 0.387695 0.601562 0.192371 0.192371
0 0.859375 0.385742 0.174046 0.174046
0 0.922852 0.393555 0.029126 0.029126
0 0.935547 0.475586 0.182580 0.182580
0 0.682617 0.366211 0.175366 0.175366
0 0.269531 0.486328 0.168161 0.168161
0 0.918945 0.261719 0.210721 0.210721
0 0.492188 0.496094 0.173480 0.173480
0 0.369141 0.409180 0.187045 0.187045
0 0.592773 0.783203 0.165279 0.165279
0 0.728516 0.814453 0.164860 0.164860
0 0.411133 0.427734 0.032402 0.032402