0 0.381836 0.956055 0.019531 0.019531
0 0.385742 0.665039 0.019531 0.019531
0 0.904297 0.871094 0.019531 0.019531
0 0.375000 0.352539 0.019531 0.019531
0 0.435547 0.048828 0.019531 0.019531
0 0.425781 0.070312 0.019531 0.019531
0 0.047852 0.048828 0.019531 0.019531
0 0.214844 0.583984 0.019531 0.019531
0 0.375000 0.241211 0.019531 0.019531
0 0.996094 0.207031 0.019531 0.019531
0 0.910156 0.776367 0.107386 0.107386
0 0.630859 0.633789 0.043888 0.043888
0 0.828125 0.643555 0.144912 0.144912
0 0.940430 0.646484 0.130945 0.130945
0 0.741211 0.715820 0.148562 0.148562