0 0.385742 0.739258 0.019531 0.019531
0 0.074219 0.927734 0.019531 0.019531
0 0.027344 0.614258 0.019531 0.019531
0 0.518555 0.977539 0.019531 0.019531
0 0.607422 0.709961 0.100586 0.100586
0 0.532227 0.706055 0.169525 0.169525
0 0.519531 0.519531 0.067967 0.067967
0 0.503906 0.437500 0.087207 0.087207
0 0.274414 0.526367 0.084440 0.084440
0 0.220703 0.975586 0.028724 0.028724
0 0.261719 0.313477 0.139427 0.139427
0 0.261719 0.566406 0.166605 0.166605
0 0.253906 0.537109 0.160267 0.160267
0 0.480469 0.405273 0.054934 0.054934
0 0.344727 0.248047 0.020529 0.020529
0 0.307617 0.297852 0.181985 0.181985
0 0.544922 0.760742 0.037198 0.037198
0 0.166016 0.563477 0.042916 0.042916
0 0.141602 0.551758 0.098549 0.098549
0 0.076172 0.619141 0.172221 0.172221
0 0.014648 0.621094 0.148248 0.148248
0 0.260742 0.289062 0.102221 0.102221
0 0.269531 0.258789 0.191201 0.191201