0 0.044922 0.436523 0.019531 0.019531
0 0.045898 0.444336 0.019531 0.019531
0 0.566406 0.601562 0.019531 0.019531
0 0.506836 0.607422 0.019531 0.019531
0 0.068359 0.466797 0.019531 0.019531
0 0.087891 0.480469 0.019531 0.019531
0 0.101562 0.498047 0.019531 0.019531
0 0.089844 0.490234 0.019531 0.019531
0 0.081055 0.473633 0.019531 0.019531
0 0.722656 0.735352 0.019531 0.019531
0 0.771484 0.611328 0.019531 0.019531
0 0.266602 0.491211 0.019531 0.019531
0 0.257812 0.498047 0.019531 0.019531
0 0.435547 0.798828 0.019531 0.019531
0 0.425781 0.820312 0.019531 0.019531
0 0.016602 0.383789 0.019531 0.019531
0 0.047852 0.798828 0.019531 0.019531
0 0.375000 0.991211 0.019531 0.019531
0 0.996094 0.957031 0.019531 0.019531
0 0.650391 0.589844 0.171734 0.171734
0 0.628906 0.591797 0.103237 0.103237