0 0.402344 0.457031 0.019531 0.019531
0 0.394531 0.433594 0.019531 0.019531
0 0.245117 0.445312 0.019531 0.019531
0 0.321289 0.430664 0.019531 0.019531
0 0.250977 0.406250 0.019531 0.019531
0 0.281250 0.391602 0.019531 0.019531
0 0.323242 0.402344 0.019531 0.019531
0 0.701172 0.367188 0.019531 0.019531
0 0.666016 0.366211 0.019531 0.019531
0 0.743164 0.388672 0.019531 0.019531
0 0.553711 0.541992 0.019531 0.019531
0 0.500000 0.538086 0.019531 0.019531
0 0.041992 0.450195 0.019531 0.019531
0 0.081055 0.453125 0.019531 0.019531
0 0.117188 0.453125 0.019531 0.019531
0 0.444336 0.401367 0.019531 0.019531
0 0.557617 0.524414 0.019531 0.019531
0 0.152344 0.459961 0.019531 0.019531
0 0.130859 0.499023 0.019531 0.019531
0 0.171875 0.449219 0.019531 0.019531
0 0.182617 0.434570 0.019531 0.019531
0 0.202148 0.449219 0.019531 0.019531
0 0.406250 0.532227 0.019531 0.019531
0 0.529297 0.498047 0.019531 0.019531