0 0.118164 0.826172 0.019531 0.019531
0 0.125977 0.827148 0.019531 0.019531
0 0.155273 0.820312 0.019531 0.019531
0 0.034180 0.822266 0.019531 0.019531
0 0.090820 0.824219 0.019531 0.019531
0 0.141602 0.910156 0.019531 0.019531
0 0.170898 0.900391 0.019531 0.019531
0 0.214844 0.887695 0.019531 0.019531
0 0.190430 0.895508 0.019531 0.019531
0 0.007812 0.860352 0.019531 0.019531
0 0.024414 0.869141 0.019531 0.019531
0 0.042969 0.855469 0.019531 0.019531
0 0.072266 0.852539 0.019531 0.019531
0 0.057617 0.833008 0.019531 0.019531
0 0.075195 0.833984 0.019531 0.019531
0 0.092773 0.832031 0.019531 0.019531