0 0.381836 0.206055 0.019531 0.019531
0 0.336914 0.456055 0.019531 0.019531
0 0.904297 0.121094 0.019531 0.019531
0 0.158203 0.267578 0.019531 0.019531
0 0.910156 0.026367 0.107386 0.107386
0 0.263672 0.370117 0.179385 0.179385
0 0.125000 0.799805 0.165642 0.165642
0 0.097656 0.771484 0.017394 0.017394
0 0.111328 0.994141 0.174353 0.174353
0 0.016602 0.707031 0.182322 0.182322
0 0.145508 0.620117 0.199965 0.199965
0 0.333008 0.614258 0.165556 0.165556
0 0.172852 0.717773 0.031806 0.031806
0 0.019531 0.280273 0.162549 0.162549
0 0.029297 0.483398 0.143766 0.143766
0 0.269531 0.758789 0.160377 0.160377
0 0.109375 0.385742 0.174046 0.174046
0 0.172852 0.393555 0.029126 0.029126
0 0.185547 0.475586 0.182580 0.182580
0 0.168945 0.261719 0.210721 0.210721
0 0.803711 0.677734 0.216106 0.216106
0 0.831055 0.666992 0.035477 0.035477