0 0.742188 0.310547 0.019531 0.019531
0 0.530273 0.774414 0.019531 0.019531
0 0.545898 0.950195 0.019531 0.019531
0 0.937500 0.307617 0.019531 0.019531
0 0.419922 0.035156 0.019531 0.019531
0 0.154297 0.871094 0.019531 0.019531
0 0.863281 0.333008 0.019531 0.019531
0 0.894531 0.361328 0.019531 0.019531
0 0.654297 0.341797 0.019531 0.019531
0 0.442383 0.245117 0.019531 0.019531
0 0.279297 0.430664 0.019531 0.019531
0 0.829102 0.854492 0.019531 0.019531
0 0.824219 0.177734 0.019531 0.019531
0 0.620117 0.233398 0.019531 0.019531
0 0.246094 0.207031 0.019531 0.019531
0 0.160156 0.776367 0.107386 0.107386
0 0.623047 0.739258 0.114707 0.114707
0 0.078125 0.643555 0.144912 0.144912
0 0.190430 0.646484 0.130945 0.130945
0 0.970703 0.225586 0.028724 0.028724
0 0.502930 0.527344 0.096066 0.096066
0 0.711914 0.424805 0.082146 0.082146
0 0.587891 0.625000 0.063354 0.063354
0 0.375000 0.605469 0.102439 0.102439
0 0.753906 0.537109 0.137704 0.137704
0 0.840820 0.704102 0.106431 0.106431
0 0.635742 0.515625 0.124635 0.124635
0 0.916992 0.811523 0.123115 0.123115
0 0.791992 0.870117 0.089939 0.089939
0 0.849609 0.606445 0.043532 0.043532
0 0.991211 0.996094 0.142425 0.142425
0 0.735352 0.670898 0.035085 0.035085