0 0.541992 0.561523 0.019531 0.019531
0 0.543945 0.577148 0.019531 0.019531
0 0.358398 0.523438 0.019531 0.019531
0 0.310547 0.512695 0.019531 0.019531
0 0.419922 0.785156 0.019531 0.019531
0 0.021484 0.611328 0.019531 0.019531
0 0.423828 0.585938 0.019531 0.019531
0 0.424805 0.573242 0.019531 0.019531
0 0.411133 0.577148 0.019531 0.019531
0 0.494141 0.566406 0.019531 0.019531
0 0.442383 0.995117 0.019531 0.019531
0 0.824219 0.927734 0.019531 0.019531
0 0.620117 0.983398 0.019531 0.019531
0 0.777344 0.614258 0.019531 0.019531
0 0.390625 0.548828 0.019531 0.019531
0 0.369141 0.533203 0.019531 0.019531
0 0.377930 0.546875 0.019531 0.019531
0 0.246094 0.957031 0.019531 0.019531
0 0.586914 0.519531 0.164081 0.164081
0 0.593750 0.510742 0.050058 0.050058
0 0.594727 0.590820 0.024215 0.024215
0 0.610352 0.607422 0.092116 0.092116
0 0.655273 0.504883 0.075056 0.075056
0 0.374023 0.515625 0.146104 0.146104
0 0.970703 0.975586 0.028724 0.028724
0 0.450195 0.527344 0.126820 0.126820
0 0.648438 0.674805 0.087831 0.087831
0 0.710938 0.671875 0.034654 0.034654
0 0.444336 0.564453 0.063853 0.063853
0 0.434570 0.584961 0.128466 0.128466
0 0.447266 0.574219 0.033513 0.033513
0 0.392578 0.381836 0.074581 0.074581
0 0.680664 0.614258 0.068614 0.068614
0 0.706055 0.609375 0.175684 0.175684
0 0.916016 0.563477 0.042916 0.042916
0 0.891602 0.551758 0.098549 0.098549
0 0.826172 0.619141 0.172221 0.172221
0 0.764648 0.621094 0.148248 0.148248
0 0.748047 0.588867 0.215227 0.215227
0 0.252930 0.490234 0.026776 0.026776
0 0.275391 0.484375 0.053427 0.053427