0 0.868164 0.826172 0.019531 0.019531
0 0.875977 0.827148 0.019531 0.019531
0 0.905273 0.820312 0.019531 0.019531
0 0.578125 0.830078 0.019531 0.019531
0 0.546875 0.844727 0.019531 0.019531
0 0.593750 0.849609 0.019531 0.019531
0 0.556641 0.862305 0.019531 0.019531
0 0.613281 0.865234 0.019531 0.019531
0 0.580078 0.875000 0.019531 0.019531
0 0.607422 0.883789 0.019531 0.019531
0 0.629883 0.884766 0.019531 0.019531
0 0.645508 0.866211 0.019531 0.019531
0 0.609375 0.832031 0.019531 0.019531
0 0.546875 0.914062 0.019531 0.019531
0 0.583008 0.915039 0.019531 0.019531
0 0.590820 0.898438 0.019531 0.019531
0 0.614258 0.917969 0.019531 0.019531
0 0.648438 0.907227 0.019531 0.019531
0 0.485352 0.791992 0.019531 0.019531
0 0.513672 0.800781 0.019531 0.019531
0 0.509766 0.777344 0.019531 0.019531
0 0.491211 0.768555 0.019531 0.019531
0 0.525391 0.754883 0.019531 0.019531
0 0.515625 0.828125 0.019531 0.019531
0 0.666992 0.792969 0.019531 0.019531
0 0.677734 0.812500 0.019531 0.019531
0 0.694336 0.825195 0.019531 0.019531
0 0.709961 0.816406 0.019531 0.019531
0 0.730469 0.825195 0.019531 0.019531
0 0.470703 0.835938 0.019531 0.019531
0 0.490234 0.844727 0.019531 0.019531
0 0.452148 0.874023 0.019531 0.019531
0 0.457031 0.903320 0.019531 0.019531
0 0.510742 0.895508 0.019531 0.019531
0 0.539062 0.886719 0.019531 0.019531
0 0.507812 0.912109 0.019531 0.019531
0 0.546875 0.785156 0.019531 0.019531
0 0.558594 0.752930 0.019531 0.019531
0 0.565430 0.808594 0.019531 0.019531
0 0.624023 0.785156 0.019531 0.019531
0 0.644531 0.813477 0.019531 0.019531
0 0.784180 0.822266 0.019531 0.019531
0 0.840820 0.824219 0.019531 0.019531
0 0.891602 0.910156 0.019531 0.019531
0 0.920898 0.900391 0.019531 0.019531
0 0.964844 0.887695 0.019531 0.019531
0 0.940430 0.895508 0.019531 0.019531
0 0.654297 0.835938 0.019531 0.019531
0 0.653320 0.893555 0.019531 0.019531
0 0.683594 0.890625 0.019531 0.019531
0 0.677734 0.913086 0.019531 0.019531
0 0.703125 0.906250 0.019531 0.019531
0 0.688477 0.863281 0.019531 0.019531
0 0.692383 0.843750 0.019531 0.019531
0 0.742188 0.841797 0.019531 0.019531
0 0.722656 0.857422 0.019531 0.019531
0 0.716797 0.879883 0.019531 0.019531
0 0.741211 0.874023 0.019531 0.019531
0 0.757812 0.860352 0.019531 0.019531
0 0.429688 0.793945 0.019531 0.019531
0 0.390625 0.810547 0.019531 0.019531
0 0.774414 0.869141 0.019531 0.019531
0 0.792969 0.855469 0.019531 0.019531
0 0.822266 0.852539 0.019531 0.019531
0 0.807617 0.833008 0.019531 0.019531
0 0.825195 0.833984 0.019531 0.019531
0 0.842773 0.832031 0.019531 0.019531
0 0.376953 0.861328 0.019531 0.019531