0 0.887695 0.436523 0.029785 0.029785
0 0.841797 0.474609 0.036133 0.036133
0 0.409180 0.485352 0.034668 0.034668
0 0.854492 0.664062 0.031250 0.031250
0 0.953125 0.655273 0.031738 0.031738
0 0.709961 0.406250 0.027344 0.027344
0 0.991211 0.513672 0.030762 0.030762
0 0.328125 0.433594 0.036133 0.036133
0 0.937500 0.314453 0.029053 0.029053
0 0.710938 0.738281 0.032227 0.032227
0 0.524414 0.412109 0.032715 0.032715
0 0.949219 0.638672 0.030762 0.030762
0 0.948242 0.545898 0.026556 0.026556
0 0.395508 0.587891 0.035156 0.035156
0 0.583008 0.296875 0.030143 0.030143
0 0.642578 0.482422 0.032715 0.032715
0 0.958984 0.384766 0.035156 0.035156
0 0.534180 0.597656 0.035352 0.035352
0 0.453125 0.504883 0.033594 0.033594